0.000000
0.002740
0.005482
0.008228
0.010981
0.013743
0.016516
0.019301
0.022103
0.024921
0.027758
0.030617
0.033499
0.036406
0.039339
0.042301
0.045293
0.048316
0.051372
0.054462
0.057588
0.060751
0.063950
0.067189
0.070466
0.073784
0.077142
0.080540
0.083980
0.087461
0.090984
0.094547
0.098151
0.101796
0.105480
0.109203
0.112965
0.116764
0.120598
0.124468
0.128370
0.132304
0.136268
0.140260
0.144277
0.148319
0.152381
0.156462
0.160560
0.164671
0.168792
0.172921
0.177054
0.181188
0.185320
0.189447
0.193564
0.197669
0.201757
0.205825
0.209868
0.213883
0.217866
0.221813
0.225720
0.229582
0.233395
0.237156
0.240859
0.244502
0.248079
0.251587
0.255021
0.258378
0.261652
0.264841
0.267941
0.270947
0.273856
0.276663
0.279367
0.281962
0.284446
0.286815
0.289066
0.291197
0.293204
0.295085
0.296836
0.298457
0.299944
0.301296
0.302511
0.303586
0.304521
0.305314
0.305965
0.306471
0.306833
0.307050
0.307122
0.307048
0.306829
0.306465
0.305957
0.305304
0.304509
0.303572
0.302494
0.301277
0.299923
0.298433
0.296809
0.295054
0.293170
0.291160
0.289026
0.286771
0.284398
0.281909
0.279310
0.276601
0.273788
0.270874
0.267862
0.264756
0.261560
0.258278
0.254913
0.251471
0.247954
0.244367
0.240715
0.237000
0.233228
0.229402
0.225527
0.221606
0.217645
0.213646
0.209614
0.205552
0.201466
0.197358
0.193232
0.189092
0.184941
0.180783
0.176622
0.172460
0.168301
0.164148
0.160004
0.155871
0.151753
0.147651
0.143568
0.139507
0.135470
0.131457
0.127473
0.123517
0.119592
0.115699
0.111839
0.108013
0.104223
0.100468
0.096750
0.093069
0.089426
0.085820
0.082252
0.078721
0.075228
0.071771
0.068351
0.064968
0.061619
0.058304
0.055023
0.051774
0.048557
0.045369
0.042209
0.039076
0.035969
0.032885
0.029824
0.026782
0.023759
0.020753
0.017761
0.014781
0.011812
0.008852
0.005898
0.002948
0.000000
