0.000000
0.000083
0.000165
0.000248
0.000330
0.000411
0.000492
0.000572
0.000651
0.000729
0.000806
0.000881
0.000955
0.001028
0.001098
0.001168
0.001235
0.001300
0.001363
0.001424
0.001482
0.001538
0.001592
0.001643
0.001691
0.001737
0.001780
0.001820
0.001857
0.001891
0.001922
0.001950
0.001974
0.001996
0.002014
0.002029
0.002040
0.002049
0.002054
0.002055
0.002054
0.002049
0.002040
0.002029
0.002014
0.001996
0.001974
0.001950
0.001922
0.001891
0.001857
0.001820
0.001780
0.001737
0.001691
0.001643
0.001592
0.001538
0.001482
0.001424
0.001363
0.001300
0.001235
0.001168
0.001098
0.001028
0.000955
0.000881
0.000806
0.000729
0.000651
0.000572
0.000492
0.000411
0.000330
0.000248
0.000165
0.000083
0.000000
