0.000000
0.001518
0.003041
0.004573
0.006118
0.007681
0.009267
0.010879
0.012523
0.014202
0.015921
0.017684
0.019495
0.021359
0.023280
0.025262
0.027309
0.029424
0.031612
0.033876
0.036220
0.038647
0.041161
0.043766
0.046463
0.049256
0.052149
0.055143
0.058241
0.061445
0.064758
0.068180
0.071715
0.075362
0.079124
0.083001
0.086993
0.091102
0.095326
0.099666
0.104121
0.108690
0.113372
0.118166
0.123068
0.128078
0.133192
0.138407
0.143720
0.149128
0.154625
0.160208
0.165872
0.171611
0.177421
0.183294
0.189225
0.195207
0.201233
0.207296
0.213389
0.219502
0.225629
0.231761
0.237888
0.244003
0.250096
0.256157
0.262177
0.268147
0.274057
0.279897
0.285656
0.291326
0.296896
0.302357
0.307697
0.312908
0.317980
0.322904
0.327669
0.332267
0.336689
0.340926
0.344969
0.348812
0.352445
0.355861
0.359054
0.362017
0.364743
0.367228
0.369465
0.371451
0.373180
0.374649
0.375856
0.376797
0.377471
0.377876
0.378011
0.377876
0.377471
0.376797
0.375856
0.374649
0.373180
0.371450
0.369465
0.367227
0.364743
0.362016
0.359053
0.355860
0.352444
0.348810
0.344968
0.340924
0.336687
0.332265
0.327666
0.322901
0.317977
0.312905
0.307693
0.302352
0.296891
0.291321
0.285650
0.279890
0.274049
0.268139
0.262168
0.256146
0.250084
0.243990
0.237873
0.231744
0.225611
0.219482
0.213366
0.207271
0.201205
0.195175
0.189190
0.183255
0.177377
0.171564
0.165819
0.160150
0.154561
0.149056
0.143642
0.138321
0.133097
0.127973
0.122953
0.118039
0.113234
0.108538
0.103954
0.099483
0.095126
0.090883
0.086755
0.082740
0.078840
0.075052
0.071377
0.067813
0.064358
0.061011
0.057770
0.054632
0.051595
0.048656
0.045813
0.043063
0.040402
0.037827
0.035335
0.032922
0.030584
0.028317
0.026118
0.023982
0.021906
0.019885
0.017914
0.015989
0.014107
0.012261
0.010448
0.008664
0.006903
0.005161
0.003433
0.001714
0.000000
