0.000000
0.003118
0.006237
0.009358
0.012481
0.015609
0.018742
0.021881
0.025027
0.028180
0.031343
0.034514
0.037696
0.040889
0.044094
0.047311
0.050542
0.053786
0.057044
0.060316
0.063603
0.066906
0.070224
0.073558
0.076907
0.080272
0.083652
0.087048
0.090460
0.093886
0.097326
0.100781
0.104249
0.107731
0.111224
0.114728
0.118243
0.121767
0.125299
0.128839
0.132384
0.135934
0.139486
0.143041
0.146595
0.150147
0.153696
0.157240
0.160776
0.164303
0.167819
0.171322
0.174809
0.178278
0.181728
0.185155
0.188557
0.191933
0.195279
0.198593
0.201872
0.205114
0.208317
0.211477
0.214593
0.217661
0.220680
0.223645
0.226556
0.229408
0.232200
0.234930
0.237593
0.240189
0.242715
0.245167
0.247544
0.249844
0.252064
0.254202
0.256256
0.258224
0.260103
0.261893
0.263590
0.265193
0.266701
0.268112
0.269424
0.270637
0.271748
0.272757
0.273662
0.274463
0.275158
0.275747
0.276229
0.276604
0.276872
0.277031
0.277082
0.277024
0.276859
0.276585
0.276203
0.275714
0.275118
0.274416
0.273608
0.272696
0.271680
0.270561
0.269340
0.268020
0.266600
0.265083
0.263470
0.261763
0.259964
0.258073
0.256094
0.254029
0.251878
0.249645
0.247331
0.244940
0.242472
0.239931
0.237318
0.234637
0.231889
0.229078
0.226205
0.223273
0.220285
0.217244
0.214151
0.211009
0.207822
0.204591
0.201319
0.198008
0.194662
0.191282
0.187871
0.184431
0.180965
0.177475
0.173963
0.170432
0.166883
0.163319
0.159742
0.156154
0.152556
0.148951
0.145340
0.141725
0.138108
0.134489
0.130871
0.127256
0.123643
0.120035
0.116432
0.112837
0.109248
0.105668
0.102098
0.098537
0.094987
0.091448
0.087920
0.084404
0.080901
0.077410
0.073931
0.070465
0.067012
0.063571
0.060142
0.056726
0.053321
0.049927
0.046545
0.043173
0.039811
0.036458
0.033115
0.029779
0.026451
0.023130
0.019814
0.016504
0.013198
0.009895
0.006595
0.003297
0.000000
