0.000000
0.002019
0.004042
0.006073
0.008115
0.010172
0.012249
0.014347
0.016473
0.018628
0.020816
0.023042
0.025308
0.027618
0.029975
0.032383
0.034844
0.037361
0.039938
0.042577
0.045280
0.048051
0.050892
0.053804
0.056790
0.059853
0.062993
0.066212
0.069511
0.072893
0.076357
0.079905
0.083537
0.087254
0.091055
0.094941
0.098911
0.102965
0.107101
0.111320
0.115619
0.119997
0.124453
0.128983
0.133587
0.138260
0.143001
0.147807
0.152673
0.157597
0.162574
0.167600
0.172671
0.177783
0.182930
0.188108
0.193310
0.198532
0.203768
0.209012
0.214258
0.219500
0.224730
0.229943
0.235132
0.240290
0.245410
0.250486
0.255509
0.260473
0.265371
0.270195
0.274939
0.279594
0.284155
0.288613
0.292962
0.297195
0.301304
0.305284
0.309128
0.312829
0.316381
0.319778
0.323014
0.326083
0.328981
0.331703
0.334242
0.336596
0.338759
0.340729
0.342500
0.344071
0.345438
0.346599
0.347552
0.348295
0.348827
0.349146
0.349252
0.349146
0.348826
0.348294
0.347551
0.346598
0.345437
0.344069
0.342498
0.340726
0.338756
0.336592
0.334238
0.331698
0.328976
0.326078
0.323007
0.319771
0.316373
0.312820
0.309118
0.305274
0.301293
0.297182
0.292947
0.288597
0.284137
0.279575
0.274917
0.270171
0.265345
0.260444
0.255477
0.250451
0.245372
0.240248
0.235086
0.229892
0.224674
0.219438
0.214191
0.208939
0.203688
0.198445
0.193215
0.188003
0.182817
0.177659
0.172537
0.167454
0.162414
0.157424
0.152485
0.147603
0.142780
0.138021
0.133327
0.128702
0.124149
0.119669
0.115264
0.110937
0.106688
0.102519
0.098431
0.094424
0.090499
0.086656
0.082895
0.079215
0.075617
0.072099
0.068661
0.065301
0.062018
0.058810
0.055676
0.052614
0.049622
0.046697
0.043837
0.041039
0.038301
0.035620
0.032994
0.030418
0.027889
0.025406
0.022963
0.020558
0.018187
0.015846
0.013532
0.011241
0.008970
0.006714
0.004469
0.002233
0.000000
