0.000000
0.000103
0.000207
0.000315
0.000429
0.000550
0.000679
0.000821
0.000975
0.001145
0.001334
0.001543
0.001775
0.002034
0.002323
0.002645
0.003004
0.003404
0.003850
0.004345
0.004895
0.005506
0.006182
0.006930
0.007757
0.008669
0.009674
0.010779
0.011992
0.013321
0.014777
0.016366
0.018100
0.019989
0.022042
0.024270
0.026684
0.029295
0.032114
0.035153
0.038423
0.041935
0.045702
0.049733
0.054041
0.058636
0.063528
0.068728
0.074244
0.080084
0.086258
0.092771
0.099629
0.106838
0.114399
0.122316
0.130589
0.139217
0.148197
0.157524
0.167192
0.177194
0.187517
0.198151
0.209080
0.220288
0.231755
0.243462
0.255384
0.267496
0.279771
0.292179
0.304690
0.317269
0.329882
0.342492
0.355061
0.367551
0.379921
0.392131
0.404137
0.415900
0.427375
0.438521
0.449297
0.459661
0.469572
0.478992
0.487883
0.496208
0.503934
0.511027
0.517458
0.523200
0.528228
0.532519
0.536057
0.538825
0.540810
0.542005
0.542404
0.542005
0.540810
0.538825
0.536057
0.532519
0.528228
0.523200
0.517458
0.511027
0.503934
0.496208
0.487883
0.478992
0.469572
0.459661
0.449297
0.438521
0.427375
0.415900
0.404137
0.392131
0.379921
0.367551
0.355061
0.342492
0.329882
0.317269
0.304690
0.292179
0.279771
0.267496
0.255384
0.243462
0.231755
0.220288
0.209080
0.198151
0.187517
0.177194
0.167192
0.157524
0.148197
0.139217
0.130589
0.122316
0.114399
0.106838
0.099629
0.092771
0.086258
0.080084
0.074244
0.068728
0.063528
0.058636
0.054041
0.049733
0.045701
0.041935
0.038422
0.035152
0.032113
0.029294
0.026683
0.024269
0.022040
0.019987
0.018099
0.016364
0.014774
0.013318
0.011988
0.010775
0.009669
0.008663
0.007750
0.006922
0.006172
0.005494
0.004881
0.004329
0.003831
0.003382
0.002978
0.002614
0.002287
0.001992
0.001726
0.001486
0.001267
0.001069
0.000886
0.000718
0.000561
0.000413
0.000272
0.000135
0.000000
