0.000000
0.000000
0.000000
0.000000
0.000000
0.000000
0.000000
0.000000
0.000000
0.000000
0.000000
0.000000
0.000000
0.000000
0.000000
0.000000
0.000000
0.000000
0.000000
0.000000
0.000000
0.000000
0.000000
0.000000
0.000001
0.000001
0.000001
0.000002
0.000002
0.000003
0.000005
0.000007
0.000010
0.000013
0.000019
0.000026
0.000036
0.000049
0.000067
0.000091
0.000124
0.000166
0.000223
0.000297
0.000394
0.000520
0.000683
0.000893
0.001161
0.001501
0.001933
0.002475
0.003154
0.004000
0.005047
0.006336
0.007914
0.009836
0.012165
0.014969
0.018328
0.022330
0.027069
0.032650
0.039185
0.046795
0.055603
0.065739
0.077337
0.090526
0.105436
0.122190
0.140900
0.161664
0.184563
0.209656
0.236972
0.266512
0.298240
0.332080
0.367916
0.405587
0.444886
0.485558
0.527307
0.569790
0.612625
0.655396
0.697657
0.738939
0.778762
0.816638
0.852086
0.884639
0.913856
0.939331
0.960701
0.977658
0.989953
0.997404
0.999900
0.997404
0.989953
0.977658
0.960701
0.939331
0.913856
0.884639
0.852086
0.816638
0.778762
0.738939
0.697657
0.655396
0.612625
0.569790
0.527307
0.485558
0.444886
0.405587
0.367916
0.332080
0.298240
0.266512
0.236972
0.209656
0.184563
0.161664
0.140900
0.122190
0.105436
0.090526
0.077337
0.065739
0.055603
0.046795
0.039185
0.032650
0.027069
0.022330
0.018328
0.014969
0.012165
0.009836
0.007914
0.006336
0.005047
0.004000
0.003154
0.002475
0.001933
0.001501
0.001161
0.000893
0.000683
0.000520
0.000394
0.000297
0.000223
0.000166
0.000124
0.000091
0.000067
0.000049
0.000036
0.000026
0.000019
0.000013
0.000010
0.000007
0.000005
0.000003
0.000002
0.000002
0.000001
0.000001
0.000001
0.000000
0.000000
0.000000
0.000000
0.000000
0.000000
0.000000
0.000000
0.000000
0.000000
0.000000
0.000000
0.000000
0.000000
0.000000
0.000000
0.000000
0.000000
0.000000
0.000000
0.000000
0.000000
