0.000000
0.001864
0.003725
0.005580
0.007426
0.009259
0.011078
0.012879
0.014659
0.016415
0.018144
0.019845
0.021512
0.023145
0.024741
0.026296
0.027809
0.029276
0.030697
0.032067
0.033385
0.034649
0.035857
0.037007
0.038097
0.039125
0.040089
0.040989
0.041822
0.042587
0.043283
0.043909
0.044463
0.044946
0.045355
0.045692
0.045953
0.046141
0.046253
0.046291
0.046254
0.046141
0.045954
0.045692
0.045356
0.044946
0.044463
0.043909
0.043283
0.042587
0.041822
0.040989
0.040089
0.039125
0.038097
0.037007
0.035857
0.034649
0.033385
0.032067
0.030697
0.029277
0.027809
0.026296
0.024741
0.023146
0.021513
0.019845
0.018145
0.016415
0.014659
0.012879
0.011078
0.009259
0.007426
0.005580
0.003725
0.001864
0.000000
