0.000000
0.000962
0.001929
0.002905
0.003894
0.004903
0.005935
0.006995
0.008087
0.009217
0.010390
0.011609
0.012879
0.014206
0.015594
0.017048
0.018573
0.020173
0.021853
0.023618
0.025473
0.027421
0.029469
0.031620
0.033879
0.036250
0.038738
0.041346
0.044080
0.046942
0.049937
0.053069
0.056340
0.059754
0.063313
0.067022
0.070881
0.074894
0.079061
0.083385
0.087867
0.092507
0.097305
0.102262
0.107377
0.112650
0.118077
0.123659
0.129391
0.135271
0.141297
0.147462
0.153763
0.160195
0.166751
0.173426
0.180212
0.187102
0.194087
0.201160
0.208311
0.215529
0.222806
0.230129
0.237488
0.244872
0.252267
0.259661
0.267042
0.274396
0.281709
0.288967
0.296158
0.303265
0.310276
0.317175
0.323947
0.330580
0.337057
0.343365
0.349489
0.355416
0.361132
0.366624
0.371878
0.376883
0.381625
0.386094
0.390279
0.394169
0.397755
0.401027
0.403977
0.406599
0.408885
0.410829
0.412426
0.413673
0.414566
0.415102
0.415281
0.415102
0.414566
0.413673
0.412426
0.410829
0.408884
0.406599
0.403977
0.401027
0.397754
0.394169
0.390279
0.386094
0.381625
0.376882
0.371878
0.366624
0.361132
0.355416
0.349489
0.343364
0.337057
0.330579
0.323947
0.317174
0.310275
0.303264
0.296157
0.288966
0.281707
0.274394
0.267040
0.259659
0.252265
0.244869
0.237486
0.230126
0.222802
0.215525
0.208306
0.201155
0.194081
0.187095
0.180204
0.173417
0.166741
0.160183
0.153750
0.147447
0.141279
0.135252
0.129369
0.123634
0.118050
0.112619
0.107343
0.102223
0.097262
0.092458
0.087812
0.083324
0.078993
0.074818
0.070797
0.066928
0.063209
0.059638
0.056211
0.052926
0.049779
0.046767
0.043886
0.041132
0.038501
0.035989
0.033591
0.031303
0.029121
0.027038
0.025052
0.023157
0.021348
0.019619
0.017967
0.016386
0.014872
0.013418
0.012020
0.010673
0.009372
0.008111
0.006886
0.005692
0.004523
0.003375
0.002241
0.001118
0.000000
