0.000000
0.002965
0.005931
0.008901
0.011875
0.014855
0.017843
0.020840
0.023848
0.026868
0.029901
0.032949
0.036013
0.039094
0.042194
0.045313
0.048453
0.051614
0.054797
0.058004
0.061235
0.064491
0.067772
0.071078
0.074411
0.077770
0.081155
0.084567
0.088006
0.091471
0.094963
0.098480
0.102023
0.105590
0.109182
0.112797
0.116434
0.120093
0.123772
0.127470
0.131185
0.134917
0.138663
0.142421
0.146191
0.149970
0.153756
0.157546
0.161340
0.165133
0.168925
0.172711
0.176491
0.180261
0.184018
0.187759
0.191482
0.195184
0.198862
0.202512
0.206132
0.209718
0.213267
0.216776
0.220241
0.223660
0.227030
0.230346
0.233606
0.236806
0.239943
0.243014
0.246015
0.248944
0.251798
0.254573
0.257265
0.259874
0.262394
0.264824
0.267161
0.269402
0.271544
0.273586
0.275524
0.277356
0.279081
0.280696
0.282199
0.283589
0.284863
0.286020
0.287060
0.287980
0.288779
0.289457
0.290012
0.290444
0.290753
0.290937
0.290997
0.290933
0.290745
0.290433
0.289996
0.289437
0.288755
0.287952
0.287028
0.285984
0.284822
0.283542
0.282148
0.280639
0.279019
0.277288
0.275450
0.273505
0.271457
0.269307
0.267058
0.264714
0.262275
0.259745
0.257128
0.254425
0.251639
0.248774
0.245833
0.242819
0.239734
0.236583
0.233368
0.230092
0.226759
0.223372
0.219934
0.216449
0.212919
0.209347
0.205738
0.202094
0.198418
0.194713
0.190982
0.187229
0.183456
0.179665
0.175861
0.172044
0.168219
0.164387
0.160551
0.156714
0.152876
0.149042
0.145212
0.141390
0.137575
0.133771
0.129979
0.126201
0.122437
0.118690
0.114960
0.111248
0.107556
0.103885
0.100234
0.096605
0.092998
0.089414
0.085853
0.082315
0.078800
0.075308
0.071839
0.068392
0.064969
0.061567
0.058187
0.054827
0.051488
0.048168
0.044868
0.041584
0.038318
0.035067
0.031831
0.028608
0.025398
0.022199
0.019009
0.015828
0.012654
0.009485
0.006321
0.003160
0.000000
