0.000000
0.000443
0.000890
0.001344
0.001810
0.002291
0.002791
0.003314
0.003865
0.004446
0.005064
0.005721
0.006422
0.007173
0.007976
0.008838
0.009764
0.010758
0.011825
0.012972
0.014203
0.015524
0.016941
0.018460
0.020087
0.021827
0.023688
0.025675
0.027796
0.030055
0.032460
0.035016
0.037731
0.040611
0.043661
0.046888
0.050298
0.053896
0.057688
0.061679
0.065874
0.070278
0.074894
0.079726
0.084777
0.090050
0.095547
0.101269
0.107218
0.113392
0.119792
0.126415
0.133259
0.140322
0.147598
0.155083
0.162770
0.170653
0.178723
0.186972
0.195389
0.203962
0.212681
0.221532
0.230500
0.239571
0.248729
0.257955
0.267234
0.276545
0.285870
0.295188
0.304479
0.313721
0.322893
0.331971
0.340934
0.349758
0.358421
0.366899
0.375170
0.383210
0.390997
0.398509
0.405724
0.412620
0.419178
0.425377
0.431198
0.436624
0.441639
0.446225
0.450368
0.454056
0.457277
0.460020
0.462277
0.464040
0.465303
0.466063
0.466316
0.466063
0.465303
0.464040
0.462277
0.460020
0.457277
0.454056
0.450368
0.446225
0.441638
0.436624
0.431198
0.425377
0.419178
0.412620
0.405724
0.398509
0.390997
0.383210
0.375170
0.366899
0.358421
0.349758
0.340934
0.331971
0.322893
0.313721
0.304479
0.295188
0.285870
0.276545
0.267234
0.257955
0.248728
0.239571
0.230500
0.221532
0.212681
0.203962
0.195388
0.186971
0.178722
0.170652
0.162769
0.155082
0.147597
0.140320
0.133258
0.126413
0.119789
0.113390
0.107215
0.101266
0.095543
0.090046
0.084772
0.079720
0.074887
0.070270
0.065865
0.061669
0.057676
0.053882
0.050282
0.046870
0.043640
0.040587
0.037704
0.034985
0.032424
0.030014
0.027749
0.025623
0.023628
0.021759
0.020010
0.018373
0.016843
0.015413
0.014078
0.012831
0.011667
0.010580
0.009564
0.008614
0.007726
0.006892
0.006109
0.005371
0.004674
0.004012
0.003382
0.002778
0.002196
0.001632
0.001081
0.000538
0.000000
