0.000000
0.000004
0.000007
0.000012
0.000016
0.000022
0.000028
0.000035
0.000044
0.000055
0.000068
0.000083
0.000102
0.000125
0.000152
0.000185
0.000224
0.000270
0.000326
0.000392
0.000471
0.000564
0.000674
0.000803
0.000955
0.001134
0.001343
0.001586
0.001870
0.002199
0.002581
0.003022
0.003530
0.004114
0.004785
0.005552
0.006427
0.007424
0.008555
0.009837
0.011286
0.012919
0.014754
0.016812
0.019113
0.021681
0.024538
0.027708
0.031217
0.035091
0.039357
0.044041
0.049171
0.054774
0.060877
0.067507
0.074690
0.082449
0.090809
0.099789
0.109409
0.119684
0.130627
0.142248
0.154551
0.167538
0.181204
0.195540
0.210532
0.226159
0.242395
0.259207
0.276556
0.294396
0.312677
0.331338
0.350317
0.369542
0.388937
0.408421
0.427907
0.447306
0.466522
0.485459
0.504017
0.522097
0.539597
0.556418
0.572460
0.587626
0.601825
0.614967
0.626969
0.637753
0.647250
0.655395
0.662136
0.667427
0.671232
0.673526
0.674292
0.673526
0.671232
0.667427
0.662136
0.655395
0.647250
0.637753
0.626969
0.614967
0.601825
0.587626
0.572460
0.556418
0.539597
0.522097
0.504017
0.485459
0.466522
0.447306
0.427907
0.408421
0.388937
0.369542
0.350317
0.331338
0.312677
0.294396
0.276556
0.259207
0.242395
0.226159
0.210532
0.195540
0.181204
0.167538
0.154551
0.142248
0.130627
0.119684
0.109409
0.099789
0.090809
0.082449
0.074690
0.067507
0.060877
0.054774
0.049171
0.044041
0.039357
0.035091
0.031217
0.027708
0.024538
0.021681
0.019113
0.016812
0.014754
0.012919
0.011286
0.009837
0.008555
0.007424
0.006427
0.005552
0.004785
0.004114
0.003530
0.003022
0.002581
0.002199
0.001870
0.001586
0.001343
0.001134
0.000955
0.000803
0.000674
0.000564
0.000471
0.000392
0.000326
0.000270
0.000223
0.000184
0.000151
0.000124
0.000101
0.000082
0.000067
0.000053
0.000042
0.000033
0.000025
0.000018
0.000011
0.000006
0.000000
