0.000000
0.048975
0.097100
0.143975
0.189600
0.233975
0.277100
0.318975
0.359600
0.398975
0.437100
0.473975
0.509600
0.543975
0.577100
0.608975
0.639600
0.668975
0.697100
0.723975
0.749600
0.773975
0.797100
0.818975
0.839600
0.858975
0.877100
0.893975
0.909600
0.923975
0.937100
0.948975
0.959600
0.968975
0.977100
0.983975
0.989600
0.993975
0.997100
0.998975
0.999600
0.998975
0.997100
0.993975
0.989600
0.983975
0.977100
0.968975
0.959600
0.948975
0.937100
0.923975
0.909600
0.893975
0.877100
0.858975
0.839600
0.818975
0.797100
0.773975
0.749600
0.723975
0.697100
0.668975
0.639600
0.608975
0.577100
0.543975
0.509600
0.473975
0.437100
0.398975
0.359600
0.318975
0.277100
0.233975
0.189600
0.112775
0.000000
