0.000000
0.000004
0.000007
0.000011
0.000015
0.000018
0.000022
0.000025
0.000029
0.000032
0.000036
0.000039
0.000042
0.000046
0.000049
0.000052
0.000055
0.000058
0.000061
0.000063
0.000066
0.000068
0.000071
0.000073
0.000075
0.000077
0.000079
0.000081
0.000082
0.000084
0.000085
0.000087
0.000088
0.000089
0.000089
0.000090
0.000091
0.000091
0.000091
0.000091
0.000091
0.000091
0.000091
0.000090
0.000089
0.000089
0.000088
0.000087
0.000085
0.000084
0.000082
0.000081
0.000079
0.000077
0.000075
0.000073
0.000071
0.000068
0.000066
0.000063
0.000061
0.000058
0.000055
0.000052
0.000049
0.000046
0.000042
0.000039
0.000036
0.000032
0.000029
0.000025
0.000022
0.000018
0.000015
0.000011
0.000007
0.000004
0.000000
