0.000000
0.002428
0.004859
0.007295
0.009741
0.012199
0.014671
0.017162
0.019673
0.022207
0.024767
0.027356
0.029977
0.032632
0.035323
0.038053
0.040824
0.043638
0.046498
0.049405
0.052362
0.055369
0.058429
0.061543
0.064712
0.067938
0.071222
0.074564
0.077965
0.081425
0.084946
0.088527
0.092168
0.095870
0.099631
0.103451
0.107330
0.111267
0.115260
0.119308
0.123410
0.127565
0.131769
0.136021
0.140320
0.144661
0.149044
0.153464
0.157919
0.162406
0.166920
0.171460
0.176021
0.180598
0.185189
0.189788
0.194392
0.198995
0.203594
0.208184
0.212759
0.217315
0.221846
0.226349
0.230816
0.235243
0.239626
0.243957
0.248232
0.252446
0.256593
0.260668
0.264665
0.268579
0.272404
0.276136
0.279769
0.283298
0.286718
0.290024
0.293211
0.296275
0.299211
0.302015
0.304682
0.307210
0.309592
0.311827
0.313911
0.315840
0.317612
0.319223
0.320672
0.321955
0.323072
0.324019
0.324796
0.325402
0.325836
0.326096
0.326182
0.326095
0.325834
0.325400
0.324793
0.324015
0.323066
0.321949
0.320664
0.319215
0.317602
0.315829
0.313899
0.311814
0.309577
0.307193
0.304664
0.301995
0.299189
0.296251
0.293184
0.289994
0.286685
0.283263
0.279730
0.276094
0.272358
0.268529
0.264611
0.260609
0.256529
0.252376
0.248157
0.243875
0.239536
0.235147
0.230711
0.226235
0.221723
0.217182
0.212615
0.208028
0.203426
0.198814
0.194196
0.189577
0.184962
0.180354
0.175758
0.171177
0.166616
0.162079
0.157568
0.153088
0.148640
0.144229
0.139856
0.135525
0.131238
0.126997
0.122804
0.118661
0.114569
0.110530
0.106544
0.102614
0.098739
0.094921
0.091159
0.087454
0.083806
0.080215
0.076680
0.073202
0.069778
0.066409
0.063094
0.059831
0.056618
0.053456
0.050341
0.047273
0.044249
0.041267
0.038326
0.035423
0.032555
0.029721
0.026918
0.024144
0.021395
0.018670
0.015964
0.013277
0.010604
0.007942
0.005290
0.002644
0.000000
